%YAML:1.0
---
image-width: 640
image-height: 480
error: 3.2732740044593811e-01
camera-matrix: !!opencv-matrix
   rows: 3
   cols: 3
   dt: d
   data: [ 7.1385961497554740e+02, 0., 3.0624381958924744e+02, 0.,
       7.1390670738295717e+02, 2.4316985992049203e+02, 0., 0., 1. ]
distortion-coefficients: !!opencv-matrix
   rows: 1
   cols: 5
   dt: d
   data: [ -3.1119061927336139e-01, 6.2819929594007924e+00,
       5.8283284099635031e-03, -9.1364937467355231e-03,
       -3.0824279455119694e+01 ]
rvec: !!opencv-matrix
   rows: 3
   cols: 1
   dt: d
   data: [ -3.3295069449434800e-01, 1.5875165322279855e-01,
       4.1597865958218259e-02 ]
tvec: !!opencv-matrix
   rows: 3
   cols: 1
   dt: d
   data: [ -1.1266061391651981e-01, -1.2226303491244220e-01,
       3.9188338190423794e-01 ]
