%YAML:1.0
---
image-width: 960
image-height: 540
error: 1.4837033748626709e+00
left-camera-matrix: !!opencv-matrix
   rows: 3
   cols: 3
   dt: d
   data: [ 5.7828072730607323e+02, 0., 5.0193073973566237e+02, 0.,
       5.7971406448549135e+02, 2.8111901764623610e+02, 0., 0., 1. ]
left-distorsion-coefficients: !!opencv-matrix
   rows: 1
   cols: 5
   dt: d
   data: [ 6.1365063086425954e-02, -8.4554046860704377e-02,
       -4.5676763152650074e-03, 1.2415575350860098e-02,
       9.1809070023481983e-03 ]
right-camera-matrix: !!opencv-matrix
   rows: 3
   cols: 3
   dt: d
   data: [ 5.7554692577334481e+02, 0., 4.9509678113078928e+02, 0.,
       5.6895830923674202e+02, 2.6595423999957734e+02, 0., 0., 1. ]
right-distorsion-coefficients: !!opencv-matrix
   rows: 1
   cols: 5
   dt: d
   data: [ 1.0095993535605585e-01, -1.9087399835085139e-01,
       -8.7571153648752405e-03, 7.6617975810367219e-03,
       1.4794179756266779e-01 ]
rvec: !!opencv-matrix
   rows: 3
   cols: 3
   dt: d
   data: [ 9.9998340386520213e-01, 5.7048163387332235e-03,
       8.0440332255634858e-04, -5.7233738458954235e-03,
       9.9966234235889939e-01, 2.5346484200747053e-02,
       -6.5953467243008322e-04, -2.5350667448016478e-02,
       9.9967840262454200e-01 ]
tvec: !!opencv-matrix
   rows: 3
   cols: 1
   dt: d
   data: [ -1.2744286840211286e-01, 4.4526140924785185e-03,
       -1.2388503651392651e-03 ]
E: !!opencv-matrix
   rows: 3
   cols: 3
   dt: d
   data: [ -1.0027057155756457e-05, 1.1255553187145210e-03,
       4.4825826446795421e-03, -1.3228827954767485e-03,
       -3.2378291892875824e-03, 1.2740088657476403e-01,
       -3.7231370164362916e-03, -1.2742523768941794e-01,
       -3.2338103480220905e-03 ]
F: !!opencv-matrix
   rows: 3
   cols: 3
   dt: d
   data: [ 1.2411774371004065e-08, -1.3897993613202167e-06,
       -2.8242181949861634e-03, 1.6564641614609469e-06,
       4.0442639418961464e-06, -9.4219511640535561e-02,
       2.2057792183660277e-03, 9.0169376665465165e-02, 1. ]
